instanceId,costs,duration,effective,waiting,offTime
0,9247.0,4194,594,3600,0
1,43029.0,5063,5063,0,0
2,14335.0,1156,1156,0,0
3,63465.0,5346,5346,0,0
4,34509.0,4247,4247,0,0
5,15873.0,1059,1059,0,0
6,91309.0,6591,6591,0,0
7,50105.0,4805,4805,0,0
8,24269.0,2948,2948,0,0
9,97731.0,9038,9038,0,0
10,70970.0,4438,4438,0,0
11,10189.0,2748,2748,0,0
12,2640.0,219,219,0,0
13,22882.0,1986,1986,0,0
14,83741.0,6937,6937,0,0
15,23738.0,2578,2578,0,0
16,54182.0,4148,4148,0,0
17,12726.0,1286,1286,0,0
18,150964.0,11780,11780,0,0
19,20059.0,2089,2089,0,0
20,14854.0,219025,2067,216958,0
21,98479.0,226088,9520,216568,0
22,46406.0,209404,4867,204537,0
23,54507.0,192024,3897,188127,0
24,48828.0,163194,2842,160352,0
25,40473.0,146125,3048,143077,0
26,1951.0,108528,493,108035,0
27,97824.0,102520,7850,94670,0
28,42031.0,68406,5266,63140,0
29,29005.0,32216,2902,29314,0
30,92207.0,27035,4953,22082,0
31,6828.0,2839,2839,0,0
32,3759.0,309,309,0,0
33,2906.0,899,899,0,0
34,20704.0,2067,2067,0,0
35,140721.0,12246,12246,0,0
36,35688.0,4038,4038,0,0
37,4118.0,1126,1126,0,0
38,33833.0,2061,2061,0,0
39,219245.0,20587,20587,0,0
40,25557.0,1458,1458,0,0
41,31042.0,3574,3574,0,0
42,21588.0,2636,2636,0,0
43,82456.0,8057,8057,0,0
44,27299.0,2039,2039,0,0
45,157575.0,11743,11743,0,0
46,26121.0,2139,2139,0,0
47,50934.0,5313,5313,0,0
48,13483.0,1835,1835,0,0
49,108896.0,8634,8634,0,0
50,258484.0,261908,18826,12682,230400
51,4528.0,208687,1306,207381,0
52,5660.0,192692,566,192126,0
53,29181.0,180045,3779,176266,0
54,2582.0,152115,795,151320,0
55,51705.0,156423,6392,150031,0
56,62647.0,124530,3750,120780,0
57,90272.0,118409,8562,109847,0
58,19886.0,68337,2191,66146,0
59,174718.0,55415,12087,43328,0
60,24052.0,9830,4672,5158,0
61,5520.0,5341,2465,2876,0
62,74423.0,8302,3924,4378,0
63,125086.0,7636,7636,0,0
64,93175.0,7020,7020,0,0
65,34740.0,2167,2167,0,0
66,7226.0,1256,1256,0,0
67,42661.0,3110,3110,0,0
68,22469.0,2443,2443,0,0
69,36659.0,4599,4599,0,0
70,13367.0,2606,2606,0,0
71,26097.0,2724,2724,0,0
72,98366.0,7952,7952,0,0
73,90887.0,8000,8000,0,0
74,58205.0,5605,5605,0,0
75,17072.0,1090,1090,0,0
76,1454.0,792,792,0,0
77,12886.0,1133,1133,0,0
78,2990.0,1395,1395,0,0
79,27017.0,230493,2657,227836,0
80,20309.0,201670,1816,199854,0
81,26134.0,192556,4695,187861,0
82,90892.0,204823,5508,199315,0
83,42993.0,171234,3896,167338,0
84,124314.0,140512,8116,132396,0
85,23435.0,127130,3993,123137,0
86,4596.0,100618,1218,99400,0
87,14308.0,90081,1955,88126,0
88,89300.0,92509,12349,80160,0
89,20209.0,63343,1715,61628,0
90,22406.0,42718,2136,40582,0
91,34335.0,22600,2914,19686,0
92,163622.0,31102,10704,20398,0
93,72655.0,20426,7251,13175,0
94,15043.0,4359,1684,2675,0
95,185993.0,19611,19611,0,0
96,17012.0,1579,1579,0,0
97,17419.0,1767,1767,0,0
98,51208.0,4678,4678,0,0
99,19318.0,2800,2800,0,0
100,1434.0,510,510,0,0
101,96475.0,7039,7039,0,0
102,41142.0,4267,4267,0,0
103,20838.0,1433,1433,0,0
104,50677.0,3705,3705,0,0
105,16534.0,1667,1667,0,0
106,86933.0,6219,6219,0,0
107,18266.0,1670,1670,0,0
108,7650.0,1152,1152,0,0
109,13148.0,2083,2083,0,0
110,32935.0,2558,2558,0,0
111,44739.0,231290,3264,228026,0
112,35783.0,216768,4257,212511,0
113,41787.0,207034,2502,204532,0
114,188659.0,204413,11460,192953,0
115,39081.0,193349,5039,188310,0
116,78679.0,195744,9488,186256,0
117,35943.0,171658,4258,167400,0
118,10631.0,139798,1054,138744,0
119,41702.0,128962,6765,122197,0
120,6884.0,98096,548,97548,0
121,102934.0,82983,6638,76345,0
122,27541.0,50477,1757,48720,0
123,3162.0,19468,969,18499,0
124,2757.0,4839,1201,3638,0
125,82292.0,5239,5239,0,0
126,41866.0,3252,3252,0,0
127,7957.0,1294,1294,0,0
128,7225.0,1374,1374,0,0
129,90218.0,7343,7343,0,0
130,21214.0,2804,2804,0,0
131,91573.0,7685,7685,0,0
132,3028.0,1028,1028,0,0
133,8764.0,1422,1422,0,0
134,1578.0,911,911,0,0
135,6371.0,566,566,0,0
136,68529.0,6726,6726,0,0
137,11692.0,857,857,0,0
138,8514.0,918,918,0,0
139,63943.0,8202,8202,0,0
140,2130.0,1220,1220,0,0
141,19435.0,1219,1219,0,0
142,1864.0,1172,1172,0,0
143,19120.0,1419,1419,0,0
144,90100.0,9780,9780,0,0
145,104802.0,11216,11216,0,0
146,1506.0,229823,891,228932,0
147,74201.0,222872,4038,218834,0
148,15316.0,196987,1665,195322,0
149,23008.0,178060,3606,174454,0
150,3976.0,147976,1400,146576,0
151,108333.0,142616,8050,134566,0
152,2754.0,122777,1538,121239,0
153,89476.0,125060,8959,116101,0
154,88751.0,93079,7542,85537,0
155,63332.0,62993,3901,59092,0
156,19011.0,41368,1508,39860,0
157,7568.0,19817,927,18890,0
158,3570.0,6044,659,5385,0
159,74067.0,5430,5430,0,0
160,10951.0,2170,2170,0,0
161,32733.0,2371,2371,0,0
162,5054.0,1463,1463,0,0
163,29518.0,2928,2928,0,0
164,12593.0,1527,1527,0,0
165,224897.0,14901,14901,0,0
166,75862.0,10999,10999,0,0
167,48299.0,3730,3730,0,0
168,12239.0,1221,1221,0,0
169,10176.0,1143,1143,0,0
170,28424.0,2076,2076,0,0
171,34009.0,2507,2507,0,0
172,51528.0,6436,6436,0,0
173,40532.0,2754,2754,0,0
174,111083.0,7122,7122,0,0
175,56667.0,4152,4152,0,0
176,27625.0,2947,2947,0,0
177,9315.0,225594,585,225009,0
178,36618.0,203183,6415,196768,0
179,6707.0,176887,407,176480,0
180,14421.0,145351,1259,144092,0
181,158545.0,140229,10354,129875,0
182,58683.0,128958,5378,123580,0
183,17699.0,108296,1357,106939,0
184,194652.0,119320,15045,104275,0
185,39718.0,91597,5811,85786,0
186,27453.0,87723,4054,83669,0
187,36473.0,58710,6538,52172,0
188,51015.0,41308,3197,38111,0
189,65282.0,23641,5148,18493,0
190,111436.0,7878,7878,0,0
191,102467.0,8959,8959,0,0
192,52720.0,5396,5396,0,0
193,35963.0,2713,2713,0,0
194,10274.0,1829,1829,0,0
195,25190.0,2550,2550,0,0
196,2348.0,745,745,0,0
197,130515.0,8476,8476,0,0
198,25298.0,3730,3730,0,0
199,15084.0,1253,1253,0,0
200,3914.0,1467,1467,0,0
201,70717.0,5724,5724,0,0
202,4042.0,1436,1436,0,0
203,19643.0,1237,1237,0,0
204,24711.0,2778,2778,0,0
205,13830.0,1031,1031,0,0
206,53519.0,5591,5591,0,0
207,15828.0,227980,1653,226327,0
208,97586.0,246940,10156,236784,0
209,50654.0,211260,5171,206089,0
210,2186.0,199640,2056,197584,0
211,62206.0,209731,4177,205554,0
212,49967.0,193271,3246,190025,0
213,143219.0,160972,9650,151322,0
214,15280.0,134428,2198,132230,0
215,26379.0,113009,2287,110722,0
216,48731.0,98023,2818,95205,0
217,85993.0,83171,9176,73995,0
218,50122.0,69143,2936,66207,0
219,80918.0,52593,7002,45591,0
220,27030.0,19116,6071,13045,0
221,7212.0,5242,841,4401,0
222,159253.0,15197,15197,0,0
223,48326.0,5399,5399,0,0
224,33910.0,4141,4141,0,0
