instanceId,costs,duration,effective,waiting,offTime
0,26058.0,8449,4083,4366,0
1,6736.0,5080,2151,2929,0
2,41370.0,6430,6430,0,0
3,55536.0,8644,8488,156,0
4,2274.0,2057,1037,1020,0
5,48130.0,9544,7079,2465,0
6,18459.0,5130,3197,1933,0
7,2924.0,1409,1409,0,0
8,40544.0,6921,6921,0,0
9,97612.0,19124,14006,5118,0
10,7226.0,4498,1326,3172,0
11,47167.0,12875,8095,4780,0
12,18763.0,2862,2862,0,0
13,1762.0,619,619,0,0
14,79364.0,11843,11843,0,0
15,8120.0,1783,1783,0,0
16,13094.0,3237,3237,0,0
17,44541.0,6809,6798,11,0
18,1517.0,1427,1377,50,0
19,3380.0,226450,1339,225111,0
20,32400.0,227047,5597,221450,0
21,2579.0,174634,1371,173263,0
22,16811.0,153328,3073,150255,0
23,16024.0,148824,2720,146104,0
24,3346.0,121803,1201,120602,0
25,140516.0,184944,20399,164545,0
26,23334.0,139725,3675,136050,0
27,60809.0,149827,9050,140777,0
28,28177.0,143471,4660,138811,0
29,41966.0,148873,6583,142290,0
30,19854.0,96602,2939,93663,0
31,55118.0,124587,9559,115028,0
32,78037.0,58986,11323,47663,0
33,2021.0,8846,720,8126,0
34,30762.0,32061,5563,26498,0
35,37688.0,6758,5572,1186,0
36,10216.0,6546,3074,3472,0
37,14385.0,2511,2511,0,0
38,7832.0,1988,1988,0,0
39,42346.0,7041,7041,0,0
40,6385.0,1245,1245,0,0
41,5287.0,1138,1138,0,0
42,7980.0,1955,1846,109,0
43,18239.0,3297,3297,0,0
44,15588.0,3004,3004,0,0
45,4358.0,1300,1300,0,0
46,54292.0,8660,8660,0,0
47,4315.0,1864,1864,0,0
48,3218.0,1123,1123,0,0
49,3587.0,225545,982,224563,0
50,17159.0,246976,2878,244098,0
51,23122.0,244136,3867,240269,0
52,87369.0,246998,12937,234061,0
53,3046.0,189698,1157,188541,0
54,792.0,194125,793,193332,0
55,5506.0,159298,946,158352,0
56,19362.0,156364,3172,153192,0
57,83076.0,170296,12366,157930,0
58,38157.0,155871,5829,150042,0
59,63824.0,170857,9539,161318,0
60,21038.0,162929,5095,157834,0
61,8142.0,28309,2689,25620,0
62,32389.0,4800,4659,141,0
63,1273.0,3923,504,3419,0
64,62376.0,9437,9090,347,0
65,3521.0,2604,1031,1573,0
66,2039.0,944,944,0,0
67,19508.0,3239,2991,248,0
68,75127.0,11819,11479,340,0
69,16237.0,3711,3711,0,0
70,1520.0,894,894,0,0
71,854.0,275,275,0,0
72,66698.0,13261,10063,3198,0
73,9714.0,7334,1777,5557,0
74,48988.0,11670,7627,4043,0
75,3786.0,1183,1183,0,0
76,1959.0,844,844,0,0
77,25049.0,4260,4260,0,0
78,35137.0,5922,5922,0,0
79,15690.0,2674,2674,0,0
80,5139.0,230966,1418,229548,0
81,21994.0,212875,4920,207955,0
82,8546.0,130693,1796,128897,0
83,34802.0,144978,5401,139577,0
84,5495.0,117830,1263,116567,0
85,52157.0,122493,7850,114643,0
86,49867.0,103140,7591,95549,0
87,1848.0,57262,893,56369,0
88,11193.0,54495,2221,52274,0
89,19743.0,22347,3521,18826,0
90,9971.0,12655,2203,10452,0
91,65706.0,12227,10422,1805,0
92,28983.0,5098,5098,0,0
93,56180.0,9246,9246,0,0
94,69172.0,11276,10565,711,0
95,6025.0,1567,1512,55,0
96,49159.0,7655,7655,0,0
97,104515.0,15388,15388,0,0
98,36640.0,5642,5499,143,0
99,4297.0,3612,1001,2611,0
100,2122.0,713,713,0,0
101,8375.0,1719,1719,0,0
102,26328.0,4913,4913,0,0
103,91179.0,13517,13517,0,0
104,37940.0,6157,5439,718,0
105,6452.0,1802,1570,232,0
106,2404.0,1089,1089,0,0
107,3096.0,216811,1095,215716,0
108,74772.0,248180,11267,236913,0
109,6279.0,216753,1049,215704,0
110,56106.0,228146,8538,219608,0
111,1878.0,189730,998,188732,0
112,5595.0,170093,1567,168526,0
113,29265.0,142419,4672,137747,0
114,10945.0,123085,2621,120464,0
115,64475.0,96999,11254,85745,0
116,15833.0,2892,2892,0,0
117,79884.0,12216,11982,234,0
118,2522.0,1643,773,870,0
119,5941.0,1710,1710,0,0
120,4798.0,987,987,0,0
121,3221.0,778,778,0,0
122,3276.0,1351,1351,0,0
123,63823.0,9576,9576,0,0
124,1780.0,1122,1122,0,0
125,68061.0,10119,10119,0,0
126,15321.0,3059,3059,0,0
127,17606.0,3293,3293,0,0
128,5361.0,1446,1446,0,0
129,81756.0,15363,11824,3539,0
130,25351.0,6162,4865,1297,0
131,40016.0,7189,7189,0,0
132,20503.0,228320,3467,224853,0
133,752.0,207732,1208,206524,0
134,5038.0,154220,1379,152841,0
135,3646.0,131230,914,130316,0
136,3176.0,120250,1237,119013,0
137,4039.0,103099,1154,101945,0
138,50880.0,120956,7687,113269,0
139,25553.0,100740,4084,96656,0
140,19412.0,81611,3643,77968,0
141,4269.0,37321,1248,36073,0
142,90755.0,59081,13832,45249,0
143,34824.0,16447,5724,10723,0
144,10303.0,6932,2055,4877,0
145,4224.0,817,817,0,0
146,7092.0,1727,1727,0,0
147,32323.0,4953,4953,0,0
148,33273.0,5153,5153,0,0
149,2656.0,555,555,0,0
150,12108.0,2476,2476,0,0
151,66969.0,10696,10696,0,0
152,4088.0,1664,1664,0,0
153,4552.0,693,693,0,0
154,2742.0,1230,1230,0,0
155,33720.0,5205,5205,0,0
156,28054.0,4417,4417,0,0
157,12343.0,2350,2350,0,0
158,2300.0,575,575,0,0
159,14030.0,2961,2961,0,0
160,24380.0,4421,4421,0,0
161,16359.0,3030,3030,0,0
162,1583.0,860,860,0,0
163,67674.0,9932,9932,0,0
164,1173.0,936,936,0,0
165,2943.0,228262,1185,227077,0
166,149654.0,248568,21962,226606,0
167,12243.0,193336,3058,190278,0
168,3384.0,123220,933,122287,0
169,19889.0,139946,3266,136680,0
170,10381.0,127298,1849,125449,0
171,92659.0,160614,13300,147314,0
172,2524.0,112146,932,111214,0
173,7996.0,120580,1435,119145,0
174,1931.0,100506,935,99571,0
175,6847.0,79813,1939,77874,0
176,9664.0,54692,2149,52543,0
177,8663.0,38172,1429,36743,0
178,6201.0,27992,1217,26775,0
179,10236.0,24064,1655,22409,0
180,2899.0,22980,841,22139,0
181,57622.0,42530,9386,33144,0
182,32730.0,5765,5765,0,0
183,45093.0,7036,7036,0,0
184,15619.0,3186,3186,0,0
185,72702.0,11327,11327,0,0
186,8467.0,1861,1861,0,0
187,3238.0,2768,2768,0,0
188,16506.0,2776,2776,0,0
189,8893.0,1790,1790,0,0
190,1389.0,595,595,0,0
191,52530.0,8642,8083,559,0
192,3139.0,2481,805,1676,0
193,15416.0,3523,2898,625,0
194,1872.0,1406,1406,0,0
195,64803.0,250806,9882,240924,0
196,105109.0,287491,15388,272103,0
197,1455.0,199105,761,198344,0
198,48783.0,243481,7457,236024,0
199,24012.0,213412,3877,209535,0
200,77447.0,218739,12215,206524,0
201,31444.0,135772,4897,130875,0
202,30551.0,136501,5136,131365,0
203,35034.0,92924,5524,87400,0
204,5772.0,59830,1475,58355,0
205,163882.0,131374,23927,107447,0
206,34374.0,79274,5124,74150,0
207,1395.0,32573,1011,31562,0
208,2127.0,16897,1234,15663,0
209,46870.0,38827,7894,30933,0
210,19094.0,4450,4450,0,0
211,5561.0,1405,1405,0,0
212,60643.0,8873,8852,21,0
213,957.0,918,752,166,0
214,2351.0,825,825,0,0
215,5621.0,1565,1565,0,0
216,41093.0,7211,6673,538,0
217,60701.0,9899,9666,233,0
218,88830.0,12980,12980,0,0
219,26595.0,5267,4188,1079,0
220,9155.0,4550,2860,1690,0
221,62890.0,254797,9213,15184,230400
222,75393.0,255914,11414,244500,0
223,22973.0,244425,4029,240396,0
224,36967.0,214539,5742,208797,0
