instanceId,costs,duration,effective,waiting,offTime
0,68098.0,7583,3983,3600,0
1,19036.0,3722,2251,1471,0
2,100423.0,6430,6430,0,0
3,114997.0,8185,8185,0,0
4,6708.0,1340,1340,0,0
5,77496.0,6145,6145,0,0
6,48052.0,4131,4131,0,0
7,10191.0,1409,1409,0,0
8,57181.0,6921,6921,0,0
9,272190.0,16329,16329,0,0
10,6280.0,1644,1644,0,0
11,49404.0,5454,5454,0,0
12,28674.0,2862,2862,0,0
13,7622.0,619,619,0,0
14,117944.0,11843,11843,0,0
15,15678.0,1783,1783,0,0
16,28621.0,3237,3237,0,0
17,90013.0,6718,6718,0,0
18,10140.0,1457,1457,0,0
19,9603.0,226450,1339,225111,0
20,10844.0,208771,2235,206536,0
21,75408.0,179714,7153,172561,0
22,238099.0,163889,23580,140309,0
23,13396.0,131985,1738,130247,0
24,121331.0,126750,10393,116357,0
25,82767.0,113275,5022,108253,0
26,111203.0,109461,8283,101178,0
27,216842.0,107856,13875,93981,0
28,10402.0,93305,2557,90748,0
29,21418.0,87570,1666,85904,0
30,18521.0,62965,1757,61208,0
31,43721.0,59168,3885,55283,0
32,39851.0,2649,2649,0,0
33,25650.0,1737,1737,0,0
34,13467.0,1903,1903,0,0
35,31585.0,4204,4204,0,0
36,51210.0,4442,4442,0,0
37,9702.0,2511,2511,0,0
38,25128.0,1988,1988,0,0
39,93421.0,7041,7041,0,0
40,15966.0,1245,1245,0,0
41,4684.0,1138,1138,0,0
42,22488.0,1846,1846,0,0
43,29637.0,3297,3297,0,0
44,30638.0,3004,3004,0,0
45,13048.0,1300,1300,0,0
46,93299.0,8660,8660,0,0
47,8733.0,1864,1864,0,0
48,7534.0,1123,1123,0,0
49,145220.0,235200,10637,224563,0
50,4569.0,225068,878,224190,0
51,13904.0,218866,1789,217077,0
52,38028.0,200843,3675,197168,0
53,53154.0,188706,3746,184960,0
54,131943.0,181251,9072,172179,0
55,31140.0,139659,2029,137630,0
56,87193.0,142774,8121,134653,0
57,25990.0,124875,1885,122990,0
58,6398.0,122237,1912,120325,0
59,152075.0,130749,10939,119810,0
60,57632.0,123252,5724,117528,0
61,744.0,3573,1843,1730,0
62,71929.0,4252,4252,0,0
63,3082.0,911,911,0,0
64,143959.0,8919,8919,0,0
65,20244.0,1202,1202,0,0
66,4388.0,944,944,0,0
67,20440.0,2991,2991,0,0
68,115868.0,11479,11479,0,0
69,42632.0,3711,3711,0,0
70,2545.0,894,894,0,0
71,3584.0,275,275,0,0
72,87860.0,5398,5398,0,0
73,143599.0,11703,11703,0,0
74,27564.0,2366,2366,0,0
75,9540.0,1183,1183,0,0
76,3622.0,844,844,0,0
77,51899.0,4260,4260,0,0
78,98764.0,5922,5922,0,0
79,29271.0,2674,2674,0,0
80,7056.0,230966,1418,229548,0
81,46869.0,206461,4116,202345,0
82,87762.0,127326,6800,120526,0
83,63341.0,122611,6881,115730,0
84,9565.0,114970,1707,113263,0
85,115617.0,102764,7656,95108,0
86,23378.0,72409,1634,70775,0
87,13360.0,51514,1480,50034,0
88,22982.0,34435,3230,31205,0
89,26081.0,2316,2316,0,0
90,77658.0,4860,4860,0,0
91,104167.0,7401,7401,0,0
92,47830.0,5098,5098,0,0
93,112015.0,9246,9246,0,0
94,25182.0,2368,2368,0,0
95,124415.0,9709,9709,0,0
96,91101.0,7655,7655,0,0
97,237279.0,15388,15388,0,0
98,41970.0,4530,4530,0,0
99,22680.0,1970,1970,0,0
100,5220.0,713,713,0,0
101,12771.0,1719,1719,0,0
102,56478.0,4913,4913,0,0
103,200460.0,13517,13517,0,0
104,39780.0,5439,5439,0,0
105,15776.0,1570,1570,0,0
106,4636.0,1089,1089,0,0
107,20387.0,218211,2495,215716,0
108,28110.0,214109,2212,211897,0
109,3708.0,209448,358,209090,0
110,204625.0,211968,12146,199822,0
111,10773.0,185425,1763,183662,0
112,71919.0,173778,10189,163589,0
113,43222.0,125759,3729,122030,0
114,30991.0,111830,4575,107255,0
115,56244.0,68894,5594,63300,0
116,42928.0,2892,2892,0,0
117,105011.0,9800,9800,0,0
118,42500.0,2955,2955,0,0
119,11710.0,1710,1710,0,0
120,17265.0,987,987,0,0
121,8326.0,778,778,0,0
122,12582.0,1351,1351,0,0
123,52494.0,9576,9576,0,0
124,10200.0,1122,1122,0,0
125,147641.0,10119,10119,0,0
126,31002.0,3059,3059,0,0
127,15174.0,3293,3293,0,0
128,12558.0,1446,1446,0,0
129,167829.0,11264,11264,0,0
130,69097.0,5425,5425,0,0
131,92702.0,7189,7189,0,0
132,38710.0,227106,3008,224098,0
133,5490.0,206256,1243,205013,0
134,10443.0,151861,1219,150642,0
135,8563.0,130479,1197,129282,0
136,14910.0,119581,1358,118223,0
137,66002.0,104842,4872,99970,0
138,6219.0,95688,1070,94618,0
139,28603.0,87307,4382,82925,0
140,103574.0,72683,8995,63688,0
141,24030.0,30063,1866,28197,0
142,106971.0,31717,7292,24425,0
143,65972.0,9624,9624,0,0
144,12636.0,1506,1506,0,0
145,3180.0,817,817,0,0
146,18807.0,1727,1727,0,0
147,52330.0,4953,4953,0,0
148,74485.0,5153,5153,0,0
149,4943.0,555,555,0,0
150,34945.0,2476,2476,0,0
151,86637.0,10696,10696,0,0
152,11640.0,1664,1664,0,0
153,10595.0,693,693,0,0
154,6452.0,1230,1230,0,0
155,56184.0,5205,5205,0,0
156,77962.0,4417,4417,0,0
157,19692.0,2350,2350,0,0
158,2044.0,575,575,0,0
159,34421.0,2961,2961,0,0
160,62669.0,4421,4421,0,0
161,34469.0,3030,3030,0,0
162,5930.0,860,860,0,0
163,127826.0,9932,9932,0,0
164,2118.0,936,936,0,0
165,9250.0,228262,1185,227077,0
166,205346.0,211303,18434,192869,0
167,33420.0,178855,3364,175491,0
168,184415.0,131205,14738,116467,0
169,35928.0,118343,2271,116072,0
170,8018.0,109740,1529,108211,0
171,32376.0,107578,1907,105671,0
172,17990.0,103361,1569,101792,0
173,4972.0,96362,694,95668,0
174,25916.0,92926,3166,89760,0
175,48322.0,72244,3639,68605,0
176,12102.0,37038,1245,35793,0
177,8210.0,21211,1685,19526,0
178,18984.0,16653,1435,15218,0
179,22018.0,4039,1288,2751,0
180,16550.0,3196,1526,1670,0
181,118976.0,7796,7796,0,0
182,50140.0,5765,5765,0,0
183,71754.0,7036,7036,0,0
184,37178.0,3186,3186,0,0
185,67329.0,11327,11327,0,0
186,27915.0,1861,1861,0,0
187,9414.0,2768,2768,0,0
188,42163.0,2776,2776,0,0
189,21339.0,1790,1790,0,0
190,7268.0,595,595,0,0
191,31717.0,7430,7430,0,0
192,12136.0,1458,1458,0,0
193,29486.0,2898,2898,0,0
194,5272.0,1406,1406,0,0
195,154958.0,216039,11594,204445,0
196,111282.0,208217,6425,201792,0
197,304984.0,216173,24536,191637,0
198,86762.0,176412,5259,171153,0
199,6030.0,163154,1042,162112,0
200,43048.0,150464,5800,144664,0
201,127547.0,107620,12530,95090,0
202,8410.0,72535,1218,71317,0
203,15724.0,52544,1234,51310,0
204,88066.0,50336,5590,44746,0
205,120192.0,49739,10762,38977,0
206,53186.0,29406,4818,24588,0
207,39308.0,16285,3106,13179,0
208,83314.0,5449,5449,0,0
209,55102.0,6439,6439,0,0
210,59106.0,4450,4450,0,0
211,15544.0,1405,1405,0,0
212,25166.0,2335,2335,0,0
213,61928.0,7269,7269,0,0
214,4871.0,825,825,0,0
215,16857.0,1565,1565,0,0
216,203115.0,14598,14598,0,0
217,11450.0,1741,1741,0,0
218,169416.0,12980,12980,0,0
219,60286.0,4011,4011,0,0
220,26380.0,3037,3037,0,0
221,244584.0,245831,15431,0,230400
222,54779.0,238449,8049,0,230400
223,50960.0,232442,3312,229130,0
224,40699.0,206511,3606,202905,0
