instanceId,costs,duration,effective,waiting,offTime
0,61015.0,7711,3983,3728,0
1,10105.0,3722,2251,1471,0
2,49203.0,6430,6430,0,0
3,74334.0,8185,8185,0,0
4,11562.0,1340,1340,0,0
5,57828.0,6145,6145,0,0
6,31395.0,4131,4131,0,0
7,7009.0,1409,1409,0,0
8,43811.0,6921,6921,0,0
9,153755.0,16766,15837,929,0
10,8426.0,1644,1644,0,0
11,45184.0,5946,5946,0,0
12,33403.0,2862,2862,0,0
13,3824.0,619,619,0,0
14,70008.0,11843,11843,0,0
15,19342.0,1783,1783,0,0
16,15306.0,3237,3237,0,0
17,59715.0,6718,6718,0,0
18,7917.0,1457,1457,0,0
19,9603.0,229050,1339,227711,0
20,22816.0,210171,2235,207936,0
21,31426.0,182737,8469,174268,0
22,36033.0,144558,3800,140758,0
23,74799.0,137386,6497,130889,0
24,267811.0,140494,23521,116973,0
25,117562.0,122963,14405,108558,0
26,42112.0,106482,4070,102412,0
27,58963.0,104775,10054,94721,0
28,12816.0,93382,1826,91556,0
29,21732.0,88810,2216,86594,0
30,2152.0,62460,236,62224,0
31,50690.0,60098,4815,55283,0
32,5867.0,2649,2649,0,0
33,8680.0,1737,1737,0,0
34,7851.0,1903,1903,0,0
35,51566.0,4204,4204,0,0
36,24940.0,4442,4442,0,0
37,13794.0,2511,2511,0,0
38,19449.0,1988,1988,0,0
39,55697.0,7041,7041,0,0
40,8358.0,1245,1245,0,0
41,7952.0,1138,1138,0,0
42,16488.0,1846,1846,0,0
43,30692.0,3297,3297,0,0
44,18000.0,3004,3004,0,0
45,11088.0,1300,1300,0,0
46,72304.0,8660,8660,0,0
47,11960.0,1864,1864,0,0
48,5013.0,1123,1123,0,0
49,27055.0,229859,2426,227433,0
50,6531.0,229339,878,228461,0
51,119329.0,228957,8636,220321,0
52,49944.0,205855,6290,199565,0
53,54118.0,196572,9705,186867,0
54,8701.0,176693,1810,174883,0
55,11748.0,141361,870,140491,0
56,6084.0,138558,1167,137391,0
57,108987.0,135817,12604,123213,0
58,67362.0,125751,4751,121000,0
59,28977.0,123540,2058,121482,0
60,15384.0,122005,3401,118604,0
61,44806.0,9443,7654,1789,0
62,25663.0,4252,4252,0,0
63,8141.0,911,911,0,0
64,51265.0,8919,8919,0,0
65,8464.0,1202,1202,0,0
66,5533.0,944,944,0,0
67,42152.0,2991,2991,0,0
68,109688.0,11479,11479,0,0
69,24780.0,3711,3711,0,0
70,3015.0,894,894,0,0
71,2462.0,275,275,0,0
72,36796.0,5398,5398,0,0
73,126504.0,11703,11703,0,0
74,23115.0,2366,2366,0,0
75,6366.0,1183,1183,0,0
76,3998.0,844,844,0,0
77,48465.0,4260,4260,0,0
78,35975.0,5922,5922,0,0
79,25919.0,2674,2674,0,0
80,6831.0,233323,1418,231905,0
81,30231.0,206479,4116,202363,0
82,20184.0,123317,1620,121697,0
83,31723.0,120907,4686,116221,0
84,20780.0,115328,1707,113621,0
85,19245.0,97658,2092,95566,0
86,60075.0,78309,7534,70775,0
87,26426.0,53903,3849,50054,0
88,50574.0,36990,5785,31205,0
89,17959.0,4431,4431,0,0
90,49247.0,4860,4860,0,0
91,57243.0,7401,7401,0,0
92,29970.0,5098,5098,0,0
93,67736.0,9246,9246,0,0
94,19395.0,2368,2368,0,0
95,77923.0,9709,9709,0,0
96,56164.0,7655,7655,0,0
97,159029.0,15388,15388,0,0
98,53914.0,4530,4530,0,0
99,12612.0,1970,1970,0,0
100,3327.0,713,713,0,0
101,12532.0,1719,1719,0,0
102,24320.0,4913,4913,0,0
103,153051.0,13517,13517,0,0
104,39228.0,5439,5439,0,0
105,13607.0,1570,1570,0,0
106,3502.0,1089,1089,0,0
107,73357.0,228124,9947,218177,0
108,64418.0,221286,6186,215100,0
109,2384.0,213105,301,212804,0
110,41584.0,206287,3712,202575,0
111,15547.0,187323,2559,184764,0
112,24816.0,166858,2780,164078,0
113,93751.0,134282,10364,123918,0
114,8829.0,109600,1957,107643,0
115,42653.0,68555,5255,63300,0
116,35072.0,2892,2892,0,0
117,93567.0,9800,9800,0,0
118,40736.0,2955,2955,0,0
119,8294.0,1710,1710,0,0
120,6903.0,987,987,0,0
121,7933.0,778,778,0,0
122,10982.0,1351,1351,0,0
123,109326.0,9576,9576,0,0
124,7480.0,1122,1122,0,0
125,84312.0,10119,10119,0,0
126,27911.0,3059,3059,0,0
127,14965.0,3293,3293,0,0
128,13197.0,1446,1446,0,0
129,77473.0,11264,11264,0,0
130,41179.0,5425,5425,0,0
131,76316.0,7189,7189,0,0
132,40915.0,227897,3008,224889,0
133,59790.0,212053,4762,207291,0
134,4072.0,153236,818,152418,0
135,55657.0,138614,8002,130612,0
136,10262.0,120286,1237,119049,0
137,7556.0,101734,1232,100502,0
138,5520.0,96295,890,95405,0
139,2284.0,84410,1042,83368,0
140,68439.0,73309,9336,63973,0
141,21983.0,30246,2049,28197,0
142,34817.0,28551,4126,24425,0
143,70382.0,9624,9624,0,0
144,13900.0,1506,1506,0,0
145,3609.0,1194,817,377,0
146,7395.0,1727,1727,0,0
147,40832.0,5066,4953,113,0
148,70621.0,5153,5153,0,0
149,3639.0,555,555,0,0
150,29831.0,2476,2476,0,0
151,61015.0,10696,10696,0,0
152,8401.0,1664,1664,0,0
153,4215.0,693,693,0,0
154,8594.0,1230,1230,0,0
155,14168.0,5205,5205,0,0
156,45161.0,4417,4417,0,0
157,21208.0,2350,2350,0,0
158,5874.0,575,575,0,0
159,16675.0,2961,2961,0,0
160,48148.0,4421,4421,0,0
161,35700.0,3030,3030,0,0
162,4116.0,860,860,0,0
163,69914.0,10054,9932,122,0
164,3165.0,936,936,0,0
165,30878.0,233154,3501,229653,0
166,4058.0,196141,769,195372,0
167,23243.0,178909,2603,176306,0
168,111176.0,133672,16958,116714,0
169,14052.0,118677,2264,116413,0
170,13070.0,111135,2473,108662,0
171,16616.0,108322,1178,107144,0
172,25975.0,104753,2382,102371,0
173,26649.0,99132,2818,96314,0
174,6247.0,91440,1107,90333,0
175,26954.0,72909,4075,68834,0
176,21762.0,38108,2022,36086,0
177,12548.0,21824,1814,20010,0
178,4611.0,16227,559,15668,0
179,10038.0,4929,1567,3362,0
180,170519.0,17122,14975,2147,0
181,66872.0,6406,6406,0,0
182,56723.0,5765,5765,0,0
183,90208.0,7036,7036,0,0
184,16394.0,3186,3186,0,0
185,76494.0,11327,11327,0,0
186,11597.0,1861,1861,0,0
187,5212.0,2768,2768,0,0
188,29502.0,2776,2776,0,0
189,14049.0,1790,1790,0,0
190,3939.0,595,595,0,0
191,48626.0,7743,7430,313,0
192,9693.0,1458,1458,0,0
193,29836.0,2898,2898,0,0
194,5821.0,1406,1406,0,0
195,31152.0,211501,4278,207223,0
196,187897.0,227044,25252,201792,0
197,209923.0,206297,13675,192622,0
198,57960.0,178959,6717,172242,0
199,12001.0,165854,1488,164366,0
200,112801.0,155997,11333,144664,0
201,6519.0,97053,942,96111,0
202,34346.0,76499,5125,71374,0
203,39039.0,57635,6325,51310,0
204,49901.0,48867,3651,45216,0
205,13151.0,40453,1229,39224,0
206,17607.0,28142,3103,25039,0
207,106941.0,24177,10796,13381,0
208,24145.0,5449,5449,0,0
209,69987.0,6439,6439,0,0
210,20071.0,4450,4450,0,0
211,16281.0,1405,1405,0,0
212,15130.0,2335,2335,0,0
213,59795.0,7269,7269,0,0
214,3685.0,825,825,0,0
215,16232.0,1565,1565,0,0
216,94316.0,14691,14598,93,0
217,15178.0,1741,1741,0,0
218,126488.0,12980,12980,0,0
219,22094.0,4011,4011,0,0
220,22792.0,3037,3037,0,0
221,203112.0,245831,15431,0,230400
222,64433.0,238536,8025,111,230400
223,34592.0,233173,4043,229130,0
224,13972.0,205804,2899,202905,0
