instanceId,costs,duration,effective,waiting,offTime
0,7321.0,4194,594,3600,0
1,56192.0,5063,5063,0,0
2,6615.0,1156,1156,0,0
3,80061.0,5346,5346,0,0
4,24590.0,4247,4247,0,0
5,10168.0,1059,1059,0,0
6,75596.0,6591,6591,0,0
7,53655.0,4805,4805,0,0
8,19593.0,2948,2948,0,0
9,113793.0,9038,9038,0,0
10,46170.0,4438,4438,0,0
11,21785.0,2748,2748,0,0
12,2316.0,219,219,0,0
13,20204.0,1986,1986,0,0
14,62796.0,6937,6937,0,0
15,30470.0,2578,2578,0,0
16,22255.0,4148,4148,0,0
17,10174.0,1286,1286,0,0
18,145760.0,11780,11780,0,0
19,17479.0,2089,2089,0,0
20,15837.0,219488,2530,216958,0
21,44335.0,212863,3938,208925,0
22,42644.0,200786,3536,197250,0
23,20260.0,178355,3710,174645,0
24,71878.0,161638,5407,156231,0
25,1172.0,131615,407,131208,0
26,47872.0,112408,4564,107844,0
27,40153.0,86797,5165,81632,0
28,36300.0,56799,4781,52018,0
29,114723.0,32767,7909,24858,0
30,80362.0,16228,4530,11698,0
31,36720.0,4067,4067,0,0
32,2681.0,309,309,0,0
33,5822.0,899,899,0,0
34,10744.0,2067,2067,0,0
35,146307.0,12246,12246,0,0
36,34704.0,4038,4038,0,0
37,4962.0,1126,1126,0,0
38,17845.0,2061,2061,0,0
39,236982.0,20587,20587,0,0
40,13748.0,1458,1458,0,0
41,46424.0,3574,3574,0,0
42,20076.0,2636,2636,0,0
43,88746.0,8057,8057,0,0
44,10281.0,2039,2039,0,0
45,121792.0,11743,11743,0,0
46,15082.0,2139,2139,0,0
47,42616.0,5313,5313,0,0
48,25755.0,1835,1835,0,0
49,82738.0,8634,8634,0,0
50,55714.0,237048,6648,0,230400
51,8014.0,208420,1049,207371,0
52,3132.0,192792,823,191969,0
53,41044.0,177440,5616,171824,0
54,3635.0,152115,795,151320,0
55,104115.0,147978,6086,141892,0
56,45205.0,116540,4460,112080,0
57,169676.0,107911,16303,91608,0
58,36199.0,63814,2743,61071,0
59,131164.0,38059,10197,27862,0
60,599.0,2241,2241,0,0
61,60384.0,8926,8926,0,0
62,58018.0,3428,3428,0,0
63,101190.0,7636,7636,0,0
64,85997.0,7020,7020,0,0
65,33628.0,2167,2167,0,0
66,4842.0,1256,1256,0,0
67,43881.0,3110,3110,0,0
68,19165.0,2443,2443,0,0
69,37976.0,4599,4599,0,0
70,15446.0,2606,2606,0,0
71,31499.0,2724,2724,0,0
72,89035.0,7952,7952,0,0
73,90267.0,8000,8000,0,0
74,65723.0,5605,5605,0,0
75,5544.0,1090,1090,0,0
76,4870.0,792,792,0,0
77,12040.0,1133,1133,0,0
78,3307.0,1395,1395,0,0
79,30033.0,230493,2657,227836,0
80,8216.0,201670,1816,199854,0
81,103153.0,197003,8349,188654,0
82,181359.0,200107,15922,184185,0
83,32499.0,160411,4087,156324,0
84,60606.0,133228,7355,125873,0
85,20919.0,110814,1511,109303,0
86,29907.0,100150,3468,96682,0
87,11615.0,82438,1282,81156,0
88,10108.0,67701,2315,65386,0
89,31497.0,57443,2055,55388,0
90,29806.0,37217,3369,33848,0
91,13539.0,15671,1753,13918,0
92,57086.0,13252,5793,7459,0
93,114515.0,8190,8190,0,0
94,22881.0,2685,2685,0,0
95,196045.0,19611,19611,0,0
96,14381.0,1579,1579,0,0
97,11127.0,1767,1767,0,0
98,54618.0,4678,4678,0,0
99,21679.0,2800,2800,0,0
100,857.0,510,510,0,0
101,98705.0,7039,7039,0,0
102,49920.0,4267,4267,0,0
103,12036.0,1433,1433,0,0
104,45522.0,3705,3705,0,0
105,7666.0,1667,1667,0,0
106,63310.0,6219,6219,0,0
107,26199.0,1670,1670,0,0
108,14480.0,1152,1152,0,0
109,18170.0,2083,2083,0,0
110,26324.0,2558,2558,0,0
111,21878.0,230277,3472,226805,0
112,21033.0,214611,3118,211493,0
113,51649.0,207858,4259,203599,0
114,31165.0,187660,2680,184980,0
115,14502.0,181136,3591,177545,0
116,64596.0,180268,5835,174433,0
117,17120.0,164156,2893,161263,0
118,7092.0,138067,891,137176,0
119,96547.0,121202,10454,110748,0
120,123533.0,102563,6665,95898,0
121,39614.0,67245,2735,64510,0
122,8368.0,43513,1790,41723,0
123,62384.0,23208,7312,15896,0
124,43805.0,3505,3505,0,0
125,45684.0,5239,5239,0,0
126,24776.0,3252,3252,0,0
127,12371.0,1294,1294,0,0
128,7178.0,1374,1374,0,0
129,110478.0,7343,7343,0,0
130,11999.0,2804,2804,0,0
131,73606.0,7685,7685,0,0
132,12508.0,1028,1028,0,0
133,5930.0,1422,1422,0,0
134,1860.0,911,911,0,0
135,1148.0,566,566,0,0
136,84139.0,6726,6726,0,0
137,4602.0,857,857,0,0
138,12784.0,918,918,0,0
139,126661.0,8202,8202,0,0
140,1731.0,1220,1220,0,0
141,7633.0,1219,1219,0,0
142,4785.0,1172,1172,0,0
143,8040.0,1419,1419,0,0
144,117603.0,9780,9780,0,0
145,139641.0,11216,11216,0,0
146,1449.0,229823,891,228932,0
147,23742.0,222946,4112,218834,0
148,27294.0,193905,3019,190886,0
149,57446.0,175725,3178,172547,0
150,10811.0,143270,1082,142188,0
151,29165.0,130194,2924,127270,0
152,39185.0,122872,3404,119468,0
153,4402.0,109393,430,108963,0
154,20059.0,78976,2697,76279,0
155,8700.0,55165,1274,53891,0
156,103954.0,43743,8307,35436,0
157,36856.0,20952,6716,14236,0
158,102117.0,6650,6650,0,0
159,58191.0,5430,5430,0,0
160,9368.0,2170,2170,0,0
161,31179.0,2371,2371,0,0
162,14770.0,1463,1463,0,0
163,27536.0,2928,2928,0,0
164,13184.0,1527,1527,0,0
165,177282.0,14901,14901,0,0
166,91027.0,10999,10999,0,0
167,49699.0,3730,3730,0,0
168,6014.0,1221,1221,0,0
169,4422.0,1143,1143,0,0
170,26650.0,2076,2076,0,0
171,31473.0,2507,2507,0,0
172,63698.0,6436,6436,0,0
173,28614.0,2754,2754,0,0
174,57968.0,7122,7122,0,0
175,39844.0,4152,4152,0,0
176,26274.0,2947,2947,0,0
177,5292.0,225594,585,225009,0
178,84669.0,206369,8469,197900,0
179,5097.0,176830,407,176423,0
180,6379.0,145351,1259,144092,0
181,14238.0,122775,2494,120281,0
182,126324.0,124117,10530,113587,0
183,89662.0,111986,6108,105878,0
184,1766.0,93002,1325,91677,0
185,70003.0,86498,7590,78908,0
186,95032.0,74884,8774,66110,0
187,19501.0,42299,4432,37867,0
188,156540.0,49620,14538,35082,0
189,4578.0,7470,831,6639,0
190,66442.0,6084,6084,0,0
191,106919.0,8959,8959,0,0
192,33231.0,5396,5396,0,0
193,21865.0,2713,2713,0,0
194,14806.0,1829,1829,0,0
195,15036.0,2550,2550,0,0
196,5974.0,745,745,0,0
197,85096.0,8476,8476,0,0
198,56377.0,3730,3730,0,0
199,8294.0,1253,1253,0,0
200,7586.0,1467,1467,0,0
201,57055.0,5724,5724,0,0
202,9397.0,1436,1436,0,0
203,14273.0,1237,1237,0,0
204,32136.0,2778,2778,0,0
205,3186.0,1031,1031,0,0
206,88467.0,5591,5591,0,0
207,6090.0,227980,1653,226327,0
208,91560.0,225919,6239,219680,0
209,94488.0,213393,9164,204229,0
210,150505.0,207108,10372,196736,0
211,60648.0,197648,4569,193079,0
212,20391.0,168904,1152,167752,0
213,15330.0,138845,2890,135955,0
214,83850.0,129578,6956,122622,0
215,17369.0,105131,1814,103317,0
216,44076.0,93566,6020,87546,0
217,27505.0,65835,5343,60492,0
218,34977.0,51947,4161,47786,0
219,9486.0,32969,1594,31375,0
220,38085.0,5904,5881,23,0
221,16912.0,1630,1630,0,0
222,167844.0,15197,15197,0,0
223,85710.0,5399,5399,0,0
224,36306.0,4141,4141,0,0
