instanceId,costs,duration,effective,waiting,offTime
0,9247.0,4194,594,3600,0
1,42997.0,5063,5063,0,0
2,8805.0,1156,1156,0,0
3,52078.0,5346,5346,0,0
4,27273.0,4247,4247,0,0
5,5278.0,1059,1059,0,0
6,99555.0,6591,6591,0,0
7,46833.0,4805,4805,0,0
8,17919.0,2948,2948,0,0
9,108387.0,9038,9038,0,0
10,68875.0,4438,4438,0,0
11,22655.0,2748,2748,0,0
12,2640.0,219,219,0,0
13,26688.0,1986,1986,0,0
14,71719.0,6937,6937,0,0
15,31922.0,2578,2578,0,0
16,41156.0,4148,4148,0,0
17,6994.0,1286,1286,0,0
18,177076.0,11780,11780,0,0
19,17353.0,2089,2089,0,0
20,6608.0,219025,2067,216958,0
21,39103.0,213968,4047,209921,0
22,73746.0,207876,7073,200803,0
23,61005.0,180982,4867,176115,0
24,82229.0,170467,6516,163951,0
25,84027.0,142853,5260,137593,0
26,20157.0,114029,3427,110602,0
27,11355.0,82002,720,81282,0
28,41174.0,62788,3114,59674,0
29,47291.0,35262,4988,30274,0
30,54738.0,21417,4398,17019,0
31,20851.0,4067,4067,0,0
32,3759.0,309,309,0,0
33,3172.0,899,899,0,0
34,9980.0,2067,2067,0,0
35,131850.0,12246,12246,0,0
36,25186.0,4038,4038,0,0
37,12126.0,1126,1126,0,0
38,23186.0,2061,2061,0,0
39,214774.0,20587,20587,0,0
40,12964.0,1458,1458,0,0
41,41828.0,3574,3574,0,0
42,34158.0,2636,2636,0,0
43,83703.0,8057,8057,0,0
44,18225.0,2039,2039,0,0
45,157219.0,11743,11743,0,0
46,10106.0,2139,2139,0,0
47,55315.0,5313,5313,0,0
48,10993.0,1835,1835,0,0
49,98643.0,8634,8634,0,0
50,87582.0,243599,10161,3038,230400
51,7358.0,208420,1049,207371,0
52,5773.0,192792,823,191969,0
53,125863.0,185784,9048,176736,0
54,1496.0,152115,795,151320,0
55,75820.0,150095,5763,144332,0
56,17684.0,117265,2966,114299,0
57,30380.0,95966,2357,93609,0
58,113374.0,78696,13036,65660,0
59,53674.0,37308,4954,32354,0
60,6405.0,5166,2513,2653,0
61,164407.0,10350,10289,61,0
62,66648.0,5561,5561,0,0
63,83849.0,7636,7636,0,0
64,97507.0,7020,7020,0,0
65,20965.0,2167,2167,0,0
66,4788.0,1256,1256,0,0
67,36599.0,3110,3110,0,0
68,22484.0,2443,2443,0,0
69,24444.0,4599,4599,0,0
70,33871.0,2606,2606,0,0
71,23575.0,2724,2724,0,0
72,107615.0,7952,7952,0,0
73,104138.0,8000,8000,0,0
74,46035.0,5605,5605,0,0
75,2772.0,1090,1090,0,0
76,5836.0,792,792,0,0
77,7810.0,1133,1133,0,0
78,2990.0,1395,1395,0,0
79,34705.0,230493,2657,227836,0
80,12346.0,201670,1816,199854,0
81,202553.0,208113,16178,191935,0
82,64994.0,191370,3880,187490,0
83,29898.0,164111,3759,160352,0
84,54096.0,138496,5910,132586,0
85,7914.0,111612,1729,109883,0
86,16033.0,99247,1218,98029,0
87,9322.0,86975,2020,84955,0
88,36533.0,71445,2560,68885,0
89,33050.0,62375,2241,60134,0
90,44839.0,43816,4365,39451,0
91,84121.0,25308,6110,19198,0
92,27290.0,13791,3305,10486,0
93,70126.0,13056,10059,2997,0
94,47612.0,4800,4800,0,0
95,222550.0,19611,19611,0,0
96,7812.0,1579,1579,0,0
97,17548.0,1767,1767,0,0
98,71192.0,4678,4678,0,0
99,26312.0,2800,2800,0,0
100,706.0,510,510,0,0
101,81649.0,7039,7039,0,0
102,33163.0,4267,4267,0,0
103,5744.0,1433,1433,0,0
104,51340.0,3705,3705,0,0
105,17871.0,1667,1667,0,0
106,67765.0,6219,6219,0,0
107,22724.0,1670,1670,0,0
108,9220.0,1152,1152,0,0
109,13997.0,2083,2083,0,0
110,19322.0,2558,2558,0,0
111,47014.0,230395,3264,227131,0
112,50021.0,216661,5083,211578,0
113,28396.0,206101,2502,203599,0
114,63190.0,194317,6959,187358,0
115,3422.0,180001,2456,177545,0
116,88611.0,185764,6870,178894,0
117,90904.0,167862,5514,162348,0
118,5084.0,138323,891,137432,0
119,12328.0,112855,1128,111727,0
120,52726.0,107670,4959,102711,0
121,22706.0,69909,2525,67384,0
122,30680.0,49089,5609,43480,0
123,55184.0,26773,4982,21791,0
124,85550.0,9134,6458,2676,0
125,38508.0,5239,5239,0,0
126,28532.0,3252,3252,0,0
127,10285.0,1294,1294,0,0
128,9539.0,1374,1374,0,0
129,91257.0,7343,7343,0,0
130,19793.0,2804,2804,0,0
131,75724.0,7685,7685,0,0
132,6056.0,1028,1028,0,0
133,5800.0,1422,1422,0,0
134,3125.0,911,911,0,0
135,2296.0,566,566,0,0
136,94702.0,6726,6726,0,0
137,1766.0,857,857,0,0
138,9124.0,918,918,0,0
139,98653.0,8202,8202,0,0
140,2130.0,1220,1220,0,0
141,9319.0,1219,1219,0,0
142,9476.0,1172,1172,0,0
143,4072.0,1419,1419,0,0
144,101572.0,9780,9780,0,0
145,171020.0,11216,11216,0,0
146,2143.0,229823,891,228932,0
147,136153.0,232165,11635,220530,0
148,9918.0,192480,1594,190886,0
149,62212.0,177470,3664,173806,0
150,6446.0,144952,1614,143338,0
151,14440.0,130622,1831,128791,0
152,21316.0,124406,2847,121559,0
153,9338.0,111297,1571,109726,0
154,112238.0,86778,7506,79272,0
155,45570.0,63238,7552,55686,0
156,12964.0,37046,920,36126,0
157,37258.0,17555,2623,14932,0
158,6303.0,1687,436,1251,0
159,52897.0,5430,5430,0,0
160,13951.0,2170,2170,0,0
161,21442.0,2371,2371,0,0
162,6112.0,1463,1463,0,0
163,26870.0,2928,2928,0,0
164,13636.0,1527,1527,0,0
165,170762.0,14901,14901,0,0
166,130411.0,10999,10999,0,0
167,22837.0,3730,3730,0,0
168,13515.0,1221,1221,0,0
169,4422.0,1143,1143,0,0
170,27562.0,2076,2076,0,0
171,25765.0,2507,2507,0,0
172,63732.0,6436,6436,0,0
173,45813.0,2754,2754,0,0
174,98331.0,7122,7122,0,0
175,34261.0,4152,4152,0,0
176,40749.0,2947,2947,0,0
177,2790.0,225594,585,225009,0
178,152060.0,213499,13092,200407,0
179,5580.0,176830,407,176423,0
180,9978.0,145351,1259,144092,0
181,84719.0,131807,8137,123670,0
182,27968.0,115859,2272,113587,0
183,103254.0,120850,7833,113017,0
184,34096.0,94648,2928,91720,0
185,163359.0,101159,14907,86252,0
186,48211.0,77359,4892,72467,0
187,28987.0,49719,6294,43425,0
188,45040.0,40958,3479,37479,0
189,12781.0,9510,1257,8253,0
190,65314.0,6084,6084,0,0
191,121910.0,8959,8959,0,0
192,71800.0,5396,5396,0,0
193,26524.0,2713,2713,0,0
194,13280.0,1829,1829,0,0
195,24176.0,2550,2550,0,0
196,2348.0,745,745,0,0
197,98010.0,8476,8476,0,0
198,23578.0,3730,3730,0,0
199,6098.0,1253,1253,0,0
200,10564.0,1467,1467,0,0
201,65059.0,5724,5724,0,0
202,4042.0,1436,1436,0,0
203,15884.0,1237,1237,0,0
204,26772.0,2778,2778,0,0
205,8412.0,1031,1031,0,0
206,68331.0,5591,5591,0,0
207,14064.0,227980,1653,226327,0
208,109632.0,237797,9912,227885,0
209,51413.0,214573,4312,210261,0
210,50635.0,213982,7975,206007,0
211,7130.0,193328,1305,192023,0
212,61891.0,184677,4565,180112,0
213,127621.0,151189,8337,142852,0
214,23486.0,124365,2514,121851,0
215,25897.0,112760,2662,110098,0
216,96738.0,101219,8275,92944,0
217,13394.0,67366,2669,64697,0
218,48169.0,62125,3618,58507,0
219,20676.0,37588,3637,33951,0
220,7194.0,5277,1890,3387,0
221,73084.0,8590,6114,2476,0
222,172465.0,15197,15197,0,0
223,81593.0,5399,5399,0,0
224,46012.0,4141,4141,0,0
