instanceId,costs,duration,effective,waiting,offTime
0,9510.0,4194,594,3600,0
1,57354.0,5063,5063,0,0
2,12651.0,1156,1156,0,0
3,64128.0,5346,5346,0,0
4,59071.0,4247,4247,0,0
5,10206.0,1059,1059,0,0
6,74340.0,6591,6591,0,0
7,50569.0,4805,4805,0,0
8,26076.0,2948,2948,0,0
9,111015.0,9038,9038,0,0
10,43929.0,4438,4438,0,0
11,28229.0,2748,2748,0,0
12,3198.0,219,219,0,0
13,22853.0,1986,1986,0,0
14,78941.0,6937,6937,0,0
15,27424.0,2578,2578,0,0
16,46320.0,4148,4148,0,0
17,15900.0,1286,1286,0,0
18,128357.0,11780,11780,0,0
19,23063.0,2089,2089,0,0
20,24766.0,219025,2067,216958,0
21,66960.0,223592,7270,216322,0
22,145012.0,215604,11145,204459,0
23,13151.0,187080,1508,185572,0
24,16946.0,158214,1069,157145,0
25,45970.0,148510,5483,143027,0
26,31340.0,114914,2670,112244,0
27,73852.0,98259,4862,93397,0
28,36405.0,68455,2810,65645,0
29,107675.0,45496,7858,37638,0
30,6904.0,17812,963,16849,0
31,21697.0,2839,2839,0,0
32,3458.0,309,309,0,0
33,6047.0,899,899,0,0
34,18778.0,2067,2067,0,0
35,137341.0,12246,12246,0,0
36,38410.0,4038,4038,0,0
37,8937.0,1126,1126,0,0
38,33983.0,2061,2061,0,0
39,226704.0,20587,20587,0,0
40,22673.0,1458,1458,0,0
41,40880.0,3574,3574,0,0
42,25362.0,2636,2636,0,0
43,91832.0,8057,8057,0,0
44,25875.0,2039,2039,0,0
45,145285.0,11743,11743,0,0
46,27166.0,2139,2139,0,0
47,58469.0,5313,5313,0,0
48,16496.0,1835,1835,0,0
49,108572.0,8634,8634,0,0
50,231281.0,256062,15423,10239,230400
51,11313.0,208687,1306,207381,0
52,6730.0,192692,566,192126,0
53,14803.0,172712,1041,171671,0
54,34140.0,159903,3819,156084,0
55,49227.0,156595,5753,150842,0
56,46548.0,124691,3750,120941,0
57,160979.0,118989,12932,106057,0
58,88262.0,88282,8305,79977,0
59,25155.0,35373,1956,33417,0
60,29176.0,9991,4672,5319,0
61,7360.0,5513,2465,3048,0
62,74807.0,14481,7327,7154,0
63,103335.0,7636,7636,0,0
64,84021.0,7020,7020,0,0
65,31486.0,2167,2167,0,0
66,14664.0,1256,1256,0,0
67,38956.0,3110,3110,0,0
68,30770.0,2443,2443,0,0
69,38822.0,4599,4599,0,0
70,19960.0,2606,2606,0,0
71,28085.0,2724,2724,0,0
72,100519.0,7952,7952,0,0
73,89123.0,8000,8000,0,0
74,61714.0,5605,5605,0,0
75,18942.0,1090,1090,0,0
76,5924.0,792,792,0,0
77,12867.0,1133,1133,0,0
78,13607.0,1395,1395,0,0
79,29704.0,230493,2657,227836,0
80,21643.0,201718,1816,199902,0
81,33387.0,192556,4695,187861,0
82,96217.0,202921,6918,196003,0
83,63864.0,167968,4852,163116,0
84,66746.0,146776,5027,141749,0
85,16515.0,114525,1511,113014,0
86,22059.0,110670,2897,107773,0
87,26362.0,90382,1955,88427,0
88,119269.0,92755,12349,80406,0
89,23857.0,63644,1715,61929,0
90,24487.0,42962,2136,40826,0
91,129142.0,38494,10653,27841,0
92,78128.0,31970,7035,24935,0
93,38500.0,7835,4967,2868,0
94,21976.0,4126,1424,2702,0
95,195302.0,19611,19611,0,0
96,18291.0,1579,1579,0,0
97,15589.0,1767,1767,0,0
98,53692.0,4678,4678,0,0
99,23336.0,2800,2800,0,0
100,4355.0,510,510,0,0
101,88779.0,7039,7039,0,0
102,43762.0,4267,4267,0,0
103,18196.0,1433,1433,0,0
104,44867.0,3705,3705,0,0
105,20321.0,1667,1667,0,0
106,78247.0,6219,6219,0,0
107,22341.0,1670,1670,0,0
108,19715.0,1152,1152,0,0
109,16270.0,2083,2083,0,0
110,33280.0,2558,2558,0,0
111,41257.0,231290,3264,228026,0
112,37411.0,216768,4257,212511,0
113,35155.0,207034,2502,204532,0
114,105281.0,207008,8588,198420,0
115,74411.0,198087,9725,188362,0
116,9592.0,177399,1046,176353,0
117,19570.0,163969,1277,162692,0
118,148313.0,153638,10032,143606,0
119,26713.0,120522,2230,118292,0
120,10483.0,99793,821,98972,0
121,19096.0,77501,1380,76121,0
122,49474.0,50915,4399,46516,0
123,82194.0,36116,8478,27638,0
124,17089.0,4839,1201,3638,0
125,67356.0,5239,5239,0,0
126,46120.0,3252,3252,0,0
127,9554.0,1294,1294,0,0
128,10366.0,1374,1374,0,0
129,83008.0,7343,7343,0,0
130,23316.0,2804,2804,0,0
131,88253.0,7685,7685,0,0
132,8970.0,1028,1028,0,0
133,8683.0,1422,1422,0,0
134,9160.0,911,911,0,0
135,6832.0,566,566,0,0
136,76730.0,6726,6726,0,0
137,13935.0,857,857,0,0
138,12035.0,918,918,0,0
139,72789.0,8202,8202,0,0
140,9357.0,1220,1220,0,0
141,20712.0,1219,1219,0,0
142,10309.0,1172,1172,0,0
143,19196.0,1419,1419,0,0
144,101211.0,9780,9780,0,0
145,111392.0,11216,11216,0,0
146,5471.0,229823,891,228932,0
147,60866.0,223027,4038,218989,0
148,18932.0,197231,1912,195319,0
149,91319.0,191264,9104,182160,0
150,15867.0,147916,1510,146406,0
151,110006.0,142842,8050,134792,0
152,34709.0,126663,3203,123460,0
153,1567.0,112001,202,111799,0
154,65363.0,85783,4633,81150,0
155,10527.0,62926,1013,61913,0
156,7705.0,41468,716,40752,0
157,8456.0,17759,774,16985,0
158,83253.0,13300,8638,4662,0
159,68832.0,5430,5430,0,0
160,26942.0,2170,2170,0,0
161,29628.0,2371,2371,0,0
162,15379.0,1463,1463,0,0
163,29871.0,2928,2928,0,0
164,16675.0,1527,1527,0,0
165,190929.0,14901,14901,0,0
166,97367.0,10999,10999,0,0
167,41736.0,3730,3730,0,0
168,20777.0,1221,1221,0,0
169,12609.0,1143,1143,0,0
170,31004.0,2076,2076,0,0
171,29959.0,2507,2507,0,0
172,66894.0,6436,6436,0,0
173,35936.0,2754,2754,0,0
174,97826.0,7122,7122,0,0
175,51086.0,4152,4152,0,0
176,37186.0,2947,2947,0,0
177,8271.0,225594,585,225009,0
178,51323.0,203183,6415,196768,0
179,6747.0,176965,407,176558,0
180,18336.0,145571,1259,144312,0
181,133708.0,140238,10354,129884,0
182,55343.0,137140,5459,131681,0
183,15928.0,108305,1357,106948,0
184,185449.0,119329,15065,104264,0
185,51212.0,91597,5811,85786,0
186,50773.0,79550,3953,75597,0
187,42004.0,58710,6538,52172,0
188,48881.0,41317,3197,38120,0
189,63052.0,23641,5148,18493,0
190,104941.0,7878,7878,0,0
191,101455.0,8959,8959,0,0
192,60066.0,5396,5396,0,0
193,31301.0,2713,2713,0,0
194,19487.0,1829,1829,0,0
195,30283.0,2550,2550,0,0
196,7606.0,745,745,0,0
197,110690.0,8476,8476,0,0
198,36987.0,3730,3730,0,0
199,13847.0,1253,1253,0,0
200,11365.0,1467,1467,0,0
201,63465.0,5724,5724,0,0
202,15810.0,1436,1436,0,0
203,19265.0,1237,1237,0,0
204,36760.0,2778,2778,0,0
205,13383.0,1031,1031,0,0
206,54567.0,5591,5591,0,0
207,14773.0,227980,1653,226327,0
208,36798.0,221769,3831,217938,0
209,129673.0,231388,12462,218926,0
210,41954.0,210209,3735,206474,0
211,65914.0,215744,4345,211399,0
212,24356.0,173399,2776,170623,0
213,27725.0,150177,2803,147374,0
214,94654.0,144172,8259,135913,0
215,126015.0,125927,9212,116715,0
216,46345.0,110292,3275,107017,0
217,36502.0,75011,3167,71844,0
218,63650.0,72415,5414,67001,0
219,25851.0,41811,1594,40217,0
220,42165.0,19116,6071,13045,0
221,9049.0,5242,841,4401,0
222,167524.0,15197,15197,0,0
223,52156.0,5399,5399,0,0
224,35748.0,4141,4141,0,0
