instanceId,costs,duration,effective,waiting,offTime
0,3657.0,4194,594,3600,0
1,50348.0,5063,5063,0,0
2,6540.0,1156,1156,0,0
3,61389.0,5346,5346,0,0
4,26039.0,4247,4247,0,0
5,10439.0,1059,1059,0,0
6,82333.0,6591,6591,0,0
7,32643.0,4805,4805,0,0
8,30889.0,2948,2948,0,0
9,120695.0,9038,9038,0,0
10,60737.0,4438,4438,0,0
11,10189.0,2748,2748,0,0
12,2640.0,219,219,0,0
13,17406.0,1986,1986,0,0
14,95332.0,6937,6937,0,0
15,35840.0,2578,2578,0,0
16,40310.0,4148,4148,0,0
17,13870.0,1286,1286,0,0
18,126908.0,11780,11780,0,0
19,22489.0,2089,2089,0,0
20,26497.0,219488,2530,216958,0
21,23994.0,212351,4049,208302,0
22,38199.0,200657,3536,197121,0
23,51884.0,180820,6175,174645,0
24,141074.0,164357,8615,155742,0
25,746.0,131615,407,131208,0
26,43593.0,108914,2506,106408,0
27,57857.0,86238,4887,81351,0
28,81704.0,57262,5540,51722,0
29,43994.0,28252,3779,24473,0
30,47412.0,15689,4453,11236,0
31,36267.0,4067,4067,0,0
32,2030.0,309,309,0,0
33,9158.0,899,899,0,0
34,19940.0,2067,2067,0,0
35,121905.0,12246,12246,0,0
36,26281.0,4038,4038,0,0
37,12548.0,1126,1126,0,0
38,17845.0,2061,2061,0,0
39,267508.0,20587,20587,0,0
40,21637.0,1458,1458,0,0
41,53770.0,3574,3574,0,0
42,16506.0,2636,2636,0,0
43,109274.0,8057,8057,0,0
44,11241.0,2039,2039,0,0
45,126644.0,11743,11743,0,0
46,25342.0,2139,2139,0,0
47,45193.0,5313,5313,0,0
48,17904.0,1835,1835,0,0
49,86641.0,8634,8634,0,0
50,118390.0,237048,6648,0,230400
51,4784.0,208420,1049,207371,0
52,5673.0,192792,823,191969,0
53,100384.0,177035,5616,171419,0
54,1272.0,152115,795,151320,0
55,40086.0,147480,5720,141760,0
56,59984.0,117711,5802,111909,0
57,106664.0,101248,10331,90917,0
58,46051.0,63520,2847,60673,0
59,34799.0,31711,4155,27556,0
60,167076.0,13413,13413,0,0
61,92906.0,8640,8640,0,0
62,40830.0,3476,3476,0,0
63,67183.0,7636,7636,0,0
64,111925.0,7020,7020,0,0
65,17786.0,2167,2167,0,0
66,11525.0,1256,1256,0,0
67,36153.0,3110,3110,0,0
68,30952.0,2443,2443,0,0
69,42326.0,4599,4599,0,0
70,13941.0,2606,2606,0,0
71,48499.0,2724,2724,0,0
72,85999.0,7952,7952,0,0
73,71604.0,8000,8000,0,0
74,48827.0,5605,5605,0,0
75,17072.0,1090,1090,0,0
76,4865.0,792,792,0,0
77,9925.0,1133,1133,0,0
78,4168.0,1395,1395,0,0
79,22178.0,230493,2657,227836,0
80,21597.0,201670,1816,199854,0
81,35055.0,193918,5854,188064,0
82,21945.0,186287,2398,183889,0
83,135005.0,165310,9000,156310,0
84,51220.0,129504,3787,125717,0
85,20919.0,110814,1511,109303,0
86,186079.0,110612,14109,96503,0
87,50565.0,85532,4289,81243,0
88,78202.0,71036,5840,65196,0
89,26484.0,56835,1979,54856,0
90,17750.0,35708,2068,33640,0
91,7830.0,15475,1753,13722,0
92,38112.0,11404,4167,7237,0
93,81642.0,8694,8694,0,0
94,37966.0,2685,2685,0,0
95,233431.0,19611,19611,0,0
96,18965.0,1579,1579,0,0
97,14360.0,1767,1767,0,0
98,76583.0,4678,4678,0,0
99,27712.0,2800,2800,0,0
100,1434.0,510,510,0,0
101,87674.0,7039,7039,0,0
102,33684.0,4267,4267,0,0
103,18920.0,1433,1433,0,0
104,55849.0,3705,3705,0,0
105,21244.0,1667,1667,0,0
106,61701.0,6219,6219,0,0
107,6184.0,1670,1670,0,0
108,10790.0,1152,1152,0,0
109,34910.0,2083,2083,0,0
110,21612.0,2558,2558,0,0
111,24628.0,230277,3472,226805,0
112,45653.0,214611,3118,211493,0
113,48249.0,207858,4259,203599,0
114,17391.0,187660,2680,184980,0
115,28686.0,181136,3591,177545,0
116,25095.0,177655,3498,174157,0
117,84812.0,168216,7008,161208,0
118,10388.0,138067,891,137176,0
119,111648.0,121202,10454,110748,0
120,89060.0,100878,5014,95864,0
121,16961.0,66631,2225,64406,0
122,12342.0,43411,2173,41238,0
123,112595.0,23150,7312,15838,0
124,28802.0,3505,3505,0,0
125,33384.0,5239,5239,0,0
126,42152.0,3252,3252,0,0
127,3867.0,1294,1294,0,0
128,9899.0,1374,1374,0,0
129,86859.0,7343,7343,0,0
130,15847.0,2804,2804,0,0
131,73548.0,7685,7685,0,0
132,10394.0,1028,1028,0,0
133,4886.0,1422,1422,0,0
134,2799.0,911,911,0,0
135,5110.0,566,566,0,0
136,82379.0,6726,6726,0,0
137,4602.0,857,857,0,0
138,12174.0,918,918,0,0
139,74387.0,8202,8202,0,0
140,2796.0,1220,1220,0,0
141,5250.0,1219,1219,0,0
142,10533.0,1172,1172,0,0
143,6648.0,1419,1419,0,0
144,121617.0,9780,9780,0,0
145,176874.0,11216,11216,0,0
146,2823.0,229823,891,228932,0
147,70581.0,222946,4112,218834,0
148,27935.0,193905,3019,190886,0
149,91543.0,181644,9097,172547,0
150,6351.0,143270,1082,142188,0
151,90500.0,137052,10069,126983,0
152,24617.0,122872,3404,119468,0
153,5481.0,109393,430,108963,0
154,30811.0,78907,2697,76210,0
155,16763.0,55089,1274,53815,0
156,11165.0,36585,1262,35323,0
157,2809.0,14888,728,14160,0
158,100901.0,6619,6619,0,0
159,67774.0,5430,5430,0,0
160,12756.0,2170,2170,0,0
161,32641.0,2371,2371,0,0
162,21118.0,1463,1463,0,0
163,21560.0,2928,2928,0,0
164,14121.0,1527,1527,0,0
165,167196.0,14901,14901,0,0
166,160281.0,10999,10999,0,0
167,43328.0,3730,3730,0,0
168,19895.0,1221,1221,0,0
169,10176.0,1143,1143,0,0
170,28424.0,2076,2076,0,0
171,34730.0,2507,2507,0,0
172,97025.0,6436,6436,0,0
173,38243.0,2754,2754,0,0
174,92909.0,7122,7122,0,0
175,40435.0,4152,4152,0,0
176,30674.0,2947,2947,0,0
177,7299.0,225594,585,225009,0
178,39657.0,203183,6415,196768,0
179,5111.0,176830,407,176423,0
180,15536.0,145351,1259,144092,0
181,19486.0,122775,2494,120281,0
182,103468.0,122683,9096,113587,0
183,141334.0,115509,9712,105797,0
184,3639.0,93002,1325,91677,0
185,198925.0,95705,17096,78609,0
186,121155.0,74554,8444,66110,0
187,13614.0,42045,4432,37613,0
188,40091.0,38844,4064,34780,0
189,16902.0,8543,2013,6530,0
190,88467.0,6084,6084,0,0
191,97682.0,8959,8959,0,0
192,82518.0,5396,5396,0,0
193,34157.0,2713,2713,0,0
194,6750.0,1829,1829,0,0
195,34879.0,2550,2550,0,0
196,7436.0,745,745,0,0
197,82761.0,8476,8476,0,0
198,56425.0,3730,3730,0,0
199,13034.0,1253,1253,0,0
200,5211.0,1467,1467,0,0
201,82514.0,5724,5724,0,0
202,5318.0,1436,1436,0,0
203,18463.0,1237,1237,0,0
204,41925.0,2778,2778,0,0
205,8412.0,1031,1031,0,0
206,72109.0,5591,5591,0,0
207,9759.0,227980,1653,226327,0
208,98546.0,225027,7087,217940,0
209,97869.0,214470,9991,204479,0
210,73518.0,205182,7095,198087,0
211,101213.0,199849,7157,192692,0
212,5926.0,168904,1152,167752,0
213,84811.0,140990,5108,135882,0
214,27224.0,123015,2464,120551,0
215,68442.0,109294,7911,101383,0
216,8413.0,88298,1501,86797,0
217,13324.0,61358,1904,59454,0
218,34977.0,51347,4161,47186,0
219,95946.0,38160,6747,31413,0
220,21699.0,3877,3877,0,0
221,23884.0,1630,1630,0,0
222,180112.0,15197,15197,0,0
223,62623.0,5399,5399,0,0
224,37595.0,4141,4141,0,0
