instanceId,costs,duration,effective,waiting,offTime
0,3852.0,4194,594,3600,0
1,51768.0,5063,5063,0,0
2,7795.0,1156,1156,0,0
3,61932.0,5346,5346,0,0
4,63135.0,4247,4247,0,0
5,12496.0,1059,1059,0,0
6,87495.0,6591,6591,0,0
7,38075.0,4805,4805,0,0
8,26572.0,2948,2948,0,0
9,114366.0,9038,9038,0,0
10,64647.0,4438,4438,0,0
11,23086.0,2748,2748,0,0
12,2744.0,219,219,0,0
13,23640.0,1986,1986,0,0
14,74232.0,6937,6937,0,0
15,20760.0,2578,2578,0,0
16,51565.0,4148,4148,0,0
17,13120.0,1286,1286,0,0
18,149440.0,11780,11780,0,0
19,18448.0,2089,2089,0,0
20,20918.0,219488,2530,216958,0
21,49286.0,211047,3810,207237,0
22,27560.0,200278,3274,197004,0
23,44076.0,179579,4934,174645,0
24,33153.0,158993,3606,155387,0
25,4558.0,131615,407,131208,0
26,55221.0,111472,5471,106001,0
27,50931.0,85810,4892,80918,0
28,53927.0,56383,4998,51385,0
29,62554.0,31788,8025,23763,0
30,88056.0,15258,4530,10728,0
31,45461.0,4067,4067,0,0
32,1890.0,309,309,0,0
33,5945.0,899,899,0,0
34,2300.0,2067,2067,0,0
35,114135.0,12246,12246,0,0
36,44823.0,4038,4038,0,0
37,4608.0,1126,1126,0,0
38,20129.0,2061,2061,0,0
39,230906.0,20587,20587,0,0
40,9527.0,1458,1458,0,0
41,53330.0,3574,3574,0,0
42,36708.0,2636,2636,0,0
43,105736.0,8057,8057,0,0
44,17061.0,2039,2039,0,0
45,121491.0,11743,11743,0,0
46,19798.0,2139,2139,0,0
47,33886.0,5313,5313,0,0
48,16814.0,1835,1835,0,0
49,136839.0,8634,8634,0,0
50,61790.0,237048,6648,0,230400
51,5336.0,208420,1049,207371,0
52,9100.0,192792,823,191969,0
53,54586.0,177035,5616,171419,0
54,2389.0,152115,795,151320,0
55,94082.0,147480,5720,141760,0
56,43476.0,117711,5802,111909,0
57,163383.0,101248,10331,90917,0
58,35477.0,63520,2847,60673,0
59,45777.0,31711,4155,27556,0
60,96376.0,13413,13413,0,0
61,59188.0,8640,8640,0,0
62,63650.0,3476,3476,0,0
63,58005.0,7636,7636,0,0
64,109145.0,7020,7020,0,0
65,11280.0,2167,2167,0,0
66,14426.0,1256,1256,0,0
67,19733.0,3110,3110,0,0
68,29470.0,2443,2443,0,0
69,45383.0,4599,4599,0,0
70,15625.0,2606,2606,0,0
71,16328.0,2724,2724,0,0
72,112010.0,7952,7952,0,0
73,99237.0,8000,8000,0,0
74,71683.0,5605,5605,0,0
75,17930.0,1090,1090,0,0
76,4226.0,792,792,0,0
77,6844.0,1133,1133,0,0
78,12217.0,1395,1395,0,0
79,37249.0,230493,2657,227836,0
80,4435.0,201670,1816,199854,0
81,64456.0,193486,5625,187861,0
82,31055.0,186287,2398,183889,0
83,111155.0,165213,9000,156213,0
84,44893.0,129504,3787,125717,0
85,2202.0,110814,1511,109303,0
86,48937.0,102571,6464,96107,0
87,60086.0,85445,4289,81156,0
88,70511.0,70981,5840,65141,0
89,24334.0,56753,1979,54774,0
90,9284.0,35752,2148,33604,0
91,14799.0,15268,1753,13515,0
92,225944.0,19933,12696,7237,0
93,49292.0,7959,7959,0,0
94,38964.0,2685,2685,0,0
95,226673.0,19611,19611,0,0
96,12084.0,1579,1579,0,0
97,16880.0,1767,1767,0,0
98,38696.0,4678,4678,0,0
99,38395.0,2800,2800,0,0
100,2174.0,510,510,0,0
101,63599.0,7039,7039,0,0
102,57163.0,4267,4267,0,0
103,14952.0,1433,1433,0,0
104,51407.0,3705,3705,0,0
105,14133.0,1667,1667,0,0
106,62332.0,6219,6219,0,0
107,19655.0,1670,1670,0,0
108,10005.0,1152,1152,0,0
109,14973.0,2083,2083,0,0
110,5984.0,2558,2558,0,0
111,41448.0,230277,3472,226805,0
112,28104.0,214611,3118,211493,0
113,46901.0,207858,4259,203599,0
114,24486.0,187660,2680,184980,0
115,32291.0,181136,3591,177545,0
116,39955.0,177655,3498,174157,0
117,77473.0,168216,7008,161208,0
118,8214.0,138067,891,137176,0
119,79834.0,121202,10454,110748,0
120,77121.0,100878,5014,95864,0
121,34875.0,66631,2225,64406,0
122,19788.0,43411,2173,41238,0
123,127629.0,23150,7312,15838,0
124,41485.0,3505,3505,0,0
125,84488.0,5239,5239,0,0
126,30024.0,3252,3252,0,0
127,8303.0,1294,1294,0,0
128,13368.0,1374,1374,0,0
129,91573.0,7343,7343,0,0
130,18995.0,2804,2804,0,0
131,72245.0,7685,7685,0,0
132,2318.0,1028,1028,0,0
133,6141.0,1422,1422,0,0
134,2693.0,911,911,0,0
135,3541.0,566,566,0,0
136,62611.0,6726,6726,0,0
137,11028.0,857,857,0,0
138,7682.0,918,918,0,0
139,37590.0,8202,8202,0,0
140,11001.0,1220,1220,0,0
141,16305.0,1219,1219,0,0
142,3728.0,1172,1172,0,0
143,13732.0,1419,1419,0,0
144,119948.0,9780,9780,0,0
145,117125.0,11216,11216,0,0
146,2747.0,229823,891,228932,0
147,8971.0,222946,4112,218834,0
148,36794.0,193905,3019,190886,0
149,69773.0,181644,9097,172547,0
150,9625.0,143270,1082,142188,0
151,136054.0,137052,10069,126983,0
152,42777.0,122872,3404,119468,0
153,6273.0,109393,430,108963,0
154,28476.0,78907,2697,76210,0
155,9904.0,55089,1274,53815,0
156,15263.0,36585,1262,35323,0
157,4429.0,14759,728,14031,0
158,69490.0,6619,6619,0,0
159,59010.0,5430,5430,0,0
160,12078.0,2170,2170,0,0
161,18790.0,2371,2371,0,0
162,12753.0,1463,1463,0,0
163,36205.0,2928,2928,0,0
164,7772.0,1527,1527,0,0
165,173089.0,14901,14901,0,0
166,105450.0,10999,10999,0,0
167,46647.0,3730,3730,0,0
168,17770.0,1221,1221,0,0
169,11976.0,1143,1143,0,0
170,31652.0,2076,2076,0,0
171,13461.0,2507,2507,0,0
172,91723.0,6436,6436,0,0
173,40200.0,2754,2754,0,0
174,72311.0,7122,7122,0,0
175,51040.0,4152,4152,0,0
176,43847.0,2947,2947,0,0
177,6876.0,225594,585,225009,0
178,189803.0,216551,19783,196768,0
179,3649.0,176830,407,176423,0
180,4346.0,145351,1259,144092,0
181,23861.0,122775,2494,120281,0
182,111304.0,122683,9096,113587,0
183,89332.0,113282,7485,105797,0
184,5727.0,93002,1325,91677,0
185,94279.0,87519,8910,78609,0
186,85963.0,74554,8444,66110,0
187,24970.0,41936,4432,37504,0
188,35302.0,36968,2188,34780,0
189,11106.0,7309,934,6375,0
190,66769.0,6084,6084,0,0
191,103250.0,8959,8959,0,0
192,63394.0,5396,5396,0,0
193,38815.0,2713,2713,0,0
194,19125.0,1829,1829,0,0
195,24294.0,2550,2550,0,0
196,4814.0,745,745,0,0
197,69123.0,8476,8476,0,0
198,59656.0,3730,3730,0,0
199,14703.0,1253,1253,0,0
200,3786.0,1467,1467,0,0
201,50777.0,5724,5724,0,0
202,13081.0,1436,1436,0,0
203,20233.0,1237,1237,0,0
204,29667.0,2778,2778,0,0
205,8382.0,1031,1031,0,0
206,35024.0,5591,5591,0,0
207,18159.0,227980,1653,226327,0
208,48310.0,223296,5682,217614,0
209,137537.0,214668,11141,203527,0
210,95705.0,204659,7976,196683,0
211,40393.0,196406,4425,191981,0
212,17635.0,168904,1152,167752,0
213,23853.0,141003,5129,135874,0
214,23058.0,124329,3869,120460,0
215,101854.0,108591,7208,101383,0
216,21085.0,87085,1409,85676,0
217,10937.0,60694,2290,58404,0
218,104993.0,53898,6870,47028,0
219,71800.0,35500,5185,30315,0
220,30615.0,3819,3819,0,0
221,23872.0,1630,1630,0,0
222,194978.0,15197,15197,0,0
223,77854.0,5399,5399,0,0
224,52627.0,4141,4141,0,0
